0.3228475857818649
0.7182331120063583
0.5503609169311825
0.009267997645066584
0.6562585326880003
0.5408438696384213
0.07366801970124426
0.2525408647341101
0.1151555230258674
0.5121213326468483
0.9575180903186208
0.7103255735415821
0.6924078728449127
0.7659933832228725
0.613752431196675
0.6618488258315395
0.942007617476326
0.607654475545517
0.7058671133371787
0.7942499582693138
0.050289802670261174
0.7531879289332649
0.6798494244939988
0.31933433936730127
0.9208446245716313
0.05810748817505518
0.2648372252626443
0.6683113452778892
0.5889480772073851
0.4122166847250869
0.21108784147029924
0.6162323870917878
0.786219960740191
0.9908803275019753
0.8657507221124653
0.1536640934357134
0.8873515169610695
0.7217471299674333
0.9261960845749788
0.5452026280116588
0.7881276084922769
0.6511581271354261
0.8561597804649158
0.7927550071067254
0.4876008558992653
0.8759210941972111
0.0017218413880621952
0.15608368204495104
0.27715852054694534
0.843825738570002
0.4021445863086317
0.47393134253332625
0.47535508441820007
0.1202207113985232
0.6548538684589776
0.7761126271757247
0.5897669495378646
0.1681679263830772
0.9643541740459275
0.08027994052662135
0.6357580302239483
0.2961356360362145
0.6816273308188452
0.326641365291768
0.09692785044511643
0.6898865158736455
0.22357117588234787
0.11972820373699211
0.6731469072854532
0.3641628509955265
0.25129327341259644
0.3183804874340621
0.5294666258346105
0.9449656016398433
0.3815818047694811
0.5434389816078158
0.2328237024719384
0.4246701479853613
0.5076343243409824
0.35720250970836553
0.9433425622178531
0.4199161677362001
0.01313220407826099
0.20952979071270372
0.7131708245558978
0.0061547521181356535
0.7780070645977646
0.24253522234632752
0.9381671158550052
0.9029313843699865
0.8947524797192041
0.6991482622157238
0.10639228007537282
0.6404280594650138
0.4408930226311122
0.9903767772973309
0.9922382100494517
0.3504838051178346
0.4862296596455188
0.4419345347276209
